#[x,y,theta]
home: [0, 0, 0]

# [x, y, z, qx, qy, qz, qw]
WP1: [0, -0.495, 0, 0, 0, 0, 1]
WP2: [0.717, -0.524, 0, 0, 0, 0, 1]
WP3: [1.334, -0.518, 0, 0, 0, 0, 1]
KR6: [[1.245, -0.475, 0, 0, 0, 0, 1],[2.246, -0.475, 0, 0, 0, 0, 1]]
UR5: [-0.480, -0.170, 0, 0, 0, -0.701271931647, 0.712893875612]
NEUT: [0.5, -0.3, 0, 0, 0, 0, 1]
